[tcn22.jpg]
filters=bw=1;
moddate=4cf471626c10db01
width=5000
height=3333
textactive=0
[fondomenu3.jpg]
filters=bw=1;
moddate=4955b4616d10db01
width=612
height=408
textactive=0
[fondomenu4.webp]
filters=bw=1;unsharp2=1,0.600000;bw=1;finetune2=1,0.000000,0.070175,0.317193,00000000,0.000000;
moddate=ed89ef5b6f10db01
width=1706
height=960
textactive=0
